# Fix print output for fix def1
0.0009999999999994 0.0632570840448072 0.0286448981970584 0.0102356120630387
0.00199999999999932 0.118959568482114 -0.0643539712109666 0.00617798269540305
0.0029999999999996 0.201750187742486 0.0170413449349305 0.0442047605025177
0.00399999999999952 0.237201242165295 -0.0138378685110094 -0.0316498207587632
0.00499999999999945 0.313324639979663 0.0071898920497701 0.0135223549837516
0.00599999999999937 0.377545858512262 -0.00906727787037454 -0.00710284180692284
0.00699999999999964 0.435429061585719 -0.0276819341302869 -0.016044444333852
0.00799999999999957 0.521691896509995 0.0289041698780925 0.0196075081693079
0.00899999999999949 0.569684793825432 -0.00111726268204085 -0.00987599337787592
0.00999999999999942 0.655350790042681 0.00425270432529605 0.0431381384260511
0.0109999999999993 0.694495526645649 0.000615893726257558 0.00715215735551233
0.0119999999999996 0.742302960525133 0.0022369010577148 -0.00479504317885389
0.0129999999999995 0.818900288323295 -0.00761664450737943 0.0106019967854736
0.0139999999999995 0.912138685053703 0.00392158975844877 -0.0124560723680441
0.0149999999999994 0.967990901589403 -0.000375058190842508 0.00721464551024133
0.0159999999999993 1.01717136446675 -0.00820260465272111 -0.02057728512985
0.0169999999999996 1.13069086980632 0.0207363043958519 0.0309207720494835
0.0179999999999995 1.13326863780211 -0.0415700042633661 -0.00972806595656713
0.0189999999999994 1.24857767390564 0.0182749697118199 0.045997324106962
0.0199999999999994 1.28692617255249 -0.024070301153756 -0.000220295403401126
0.0209999999999996 1.35423030355132 0.0204872774253068 0.0139207228523688
0.0219999999999996 1.41202081552478 0.00147042770890226 -0.000867854263325737
0.0229999999999995 1.46913166613276 0.00185640025669269 -0.0145970025598887
0.0239999999999994 1.54264070113936 -0.000477358682253375 0.0194924876202213
0.0249999999999993 1.5864637452115 -0.0359887381687194 0.00338245817898233
0.0259999999999996 1.66432996139943 -0.008591553245605 0.0292963369225058
0.0269999999999995 1.70526076305314 -0.040245865312046 -0.0169125654910822
0.0279999999999994 1.83719458676115 0.0163927308218274 0.0283891563768113
0.0289999999999994 1.83058777874284 -0.0376147015427519 0.0282827843534284
0.0299999999999993 1.90139072854603 -0.037642633939611 -0.0092128949607041
0.0309999999999996 1.99131494750261 0.0549236888110789 0.031693315032704
0.0319999999999995 2.00329024839839 -0.021785494307353 -0.071832828537725
0.0329999999999994 2.11716760759343 0.0454808431075621 0.0356848500587435
0.0339999999999993 2.09874376644352 -0.0495640145613687 -0.0563868524043904
0.0349999999999996 2.23017454110795 0.0230778947838869 0.0373776080189748
0.0359999999999995 2.25083530597189 -0.0147269748268117 -0.018133167177737
0.0369999999999995 2.29381864644065 -0.0333149531447829 -0.0215624841903057
0.0379999999999994 2.4256512719145 0.0322592817180174 0.0341403037982523
0.0389999999999993 2.43791176278315 -0.0213548184883591 -0.0554088592396029
0.0399999999999996 2.54744403679209 0.0430121134348068 0.0482321074770365
0.0409999999999995 2.58284451642216 -0.0397925903367334 -0.0349985778451931
0.0419999999999994 2.62967087306389 0.0321965786715923 -0.0138939884716282
0.0429999999999994 2.67218753517823 -0.0155047937466998 -0.00499203378428558
0.0439999999999993 2.74845890210772 -0.0319962947115685 0.00855477772538005
0.0449999999999996 2.81541490598329 0.0256558788971586 0.0269519733889931
0.0459999999999995 2.86801418924111 0.0362497360720773 -0.0198299978004895
0.0469999999999994 2.92995139977011 0.0146621516024842 -0.0109572919208108
0.0479999999999993 2.99991212511447 0.0149308887240991 -0.00343606865360989
0.0489999999999996 3.04793236945726 -0.0149888846505654 -0.0291934116803294
0.0499999999999995 3.16067869882189 0.0444515350242426 0.074537568206326
0.0509999999999995 3.13827287815752 -0.0608588773162496 -0.0576432443794247
0.0519999999999994 3.25219919285931 0.0415899191786481 0.0398514744198661
0.0529999999999993 3.29226942441263 -0.0119448067332245 -0.0168507692708828
0.0539999999999996 3.32849367487693 0.0173223021389563 -0.0208585597497591
0.0549999999999995 3.38229900437676 0.00349454338709564 -0.0119834005363315
0.0559999999999994 3.45434578335412 -0.0334111155570531 -0.0041249461068958
0.0569999999999993 3.55660487232608 0.0341874757918767 0.0693095379130177
0.0579999999999994 3.55867820580301 -0.0432630617600877 -0.0596371129626399
0.0589999999999995 3.68578306209299 0.0832823508296669 0.0308658518584489
0.0599999999999995 3.67294141948088 -0.0337055207031955 -0.0697095936962744
0.0609999999999994 3.76812320599295 0.0207369172672566 0.0472124340136564
0.0619999999999993 3.78433484483129 -0.0023999268747929 -0.0196032030462378
0.0629999999999996 3.86043204923127 -0.0188970961855889 -0.0148805123353915
0.0639999999999995 3.96601650488022 0.0225925883612857 0.0173577563983476
0.0649999999999994 3.97779444573626 -0.038307066747421 -0.0655828321879614
0.0659999999999994 4.10312204960811 0.0694546426806057 0.0309206988974123
0.0669999999999993 4.06207302144519 -0.0756695302685359 -0.0450310293892562
0.0679999999999996 4.22765672529028 0.0357514756104647 0.0603357356262085
0.0689999999999995 4.2206454505962 -0.0181479150807001 -0.0408456724032035
0.0699999999999994 4.27635899340943 0.0107827347781675 -0.0710922416639127
0.0709999999999993 4.34494928091046 0.0359803364371439 0.0135570477802268
0.0719999999999994 4.37552213243154 -0.0398405462601037 -0.0136196741357707
0.0729999999999995 4.46473727702495 0.0204000680986307 0.0609681056381818
0.0739999999999995 4.51649482094227 0.0140828126113997 -0.013318347677556
0.0749999999999994 4.55801116064244 0.0387483301316023 -0.0302592780642648
0.0759999999999993 4.61771424895109 -0.00319811793769212 0.0244440419867086
0.0769999999999996 4.66839496823163 -0.0144733382674616 0.019627554130875
0.0779999999999995 4.70084669751281 -0.00440084251206558 -0.000877398828571251
0.0789999999999994 4.80446326123011 0.0401321876089228 0.00521740462504786
0.0799999999999993 4.82321838829364 -0.0113116784299124 -0.0426154944395866
0.0809999999999993 4.90056699185962 0.0122103112051638 0.0343466615050421
0.0819999999999995 4.9438508118219 -0.0193074156135085 -0.00208008532281456
0.0829999999999995 4.98738028271594 -0.00706662940342127 0.0316920269473747
0.0839999999999994 5.02867091922632 0.0118034562366278 -0.0247707387136992
0.0849999999999993 5.09862767882327 0.0207221622745003 -0.030010089751173
0.0859999999999994 5.13650859893943 0.00500294952379923 -0.0197884035757532
0.0869999999999995 5.24736626792628 -0.0149359736706385 0.0268335477468956
0.0879999999999994 5.294554242494 0.00559973615073987 0.0845748593643652
0.0889999999999994 5.33976051709742 -0.0235766203964721 -0.00378785538125439
0.0899999999999993 5.39398782293716 0.0654828862703361 -0.00356965812590322
0.0909999999999996 5.45198728279676 0.0138665806484597 -0.0420415227580148
0.0919999999999995 5.50127362860311 -0.0119070808175668 0.00121083919626515
0.0929999999999994 5.5519822103941 -0.0130825614984496 0.0221523502110638
0.0939999999999993 5.5997286229654 -0.0489699300727054 -0.0308967945572515
0.0949999999999994 5.6472579983014 -0.00761289660732745 0.00689132875293997
0.0959999999999995 5.71159750033806 0.0181927057032248 -0.0650186410573419
0.0969999999999995 5.7796314555763 0.036646779730133 0.0208314383170411
0.0979999999999994 5.81289000153664 -0.0332416396041027 -0.0313121759202025
0.0989999999999993 5.93647802667346 0.0312734075913504 0.0243989971411651
0.0999999999999996 5.90723927186628 -0.0551824886532662 -0.00322400866960982
0.101 6.00238816229208 -0.00636007059133794 0.00586360759397463
0.101999999999999 6.03723934472536 0.0473255128228931 -0.00635258186500663
0.102999999999999 6.08885250472705 0.0130656996227418 -0.0448680602032812
0.103999999999999 6.17800127580081 0.040521240762231 0.0378079369557096
0.105 6.19942719415827 -0.0742877612629178 -0.0351153898216987
0.105999999999999 6.29457670296063 0.0611324033578136 0.0850247725422941
0.106999999999999 6.2886338126039 -0.0330533882871947 -0.0516692947363333
0.107999999999999 6.35277355422726 0.0710113904159153 0.0403459246781185
0.108999999999999 6.36256050517436 -0.0323311427853492 -0.0611061616014757
0.11 6.46245886706907 0.00237046898201545 0.0338288313669568
0.110999999999999 6.49239147676718 -0.0263720014768851 0.0147388868898946
0.111999999999999 6.55656181252126 0.0200303393137696 0.0242801223447047
0.112999999999999 6.60473671420436 0.0028913680538074 -0.0305017240176651
0.113999999999999 6.65111866289686 -0.0230125581996056 -0.0138583539880701
0.114999999999999 6.69047626811963 0.0262882819187272 0.0818232538254181
0.115999999999999 6.73444320059206 -0.00241464444798789 -0.0296839407311708
0.116999999999999 6.79845728054135 0.0210542435221705 0.0101285264750764
0.117999999999999 6.88925978804519 0.0293892196300517 -0.0103280862629243
0.119 6.92757162431516 0.00745384466476753 0.00677652845980996
0.119999999999999 6.96636042504279 -0.0235793018854786 0.0119266376173526
0.120999999999999 6.98201644334717 -0.00766156976753351 -0.00611047633515626
0.121999999999999 7.07062815156757 -0.0311373116256514 -0.0437863841570418
0.122999999999999 7.08595688731881 0.0424257157016489 0.0311106877233409
0.124 7.10219183850966 -0.0284121300939072 -0.0760251763814
0.124999999999999 7.21577274736442 0.0120928563642344 0.0260461492623529
0.125999999999999 7.21370258444713 0.0240177049232163 -0.0273954927533376
0.126999999999999 7.25544800709153 0.00521210215453149 0.021258705371223
0.128 7.3083285862497 -0.0165593607994683 -0.0423226259038037
0.128999999999999 7.31263738464928 0.01032280322979 -0.00967488685675994
0.129999999999999 7.44429817322069 0.0418072646055211 0.00838701594046448
0.130999999999999 7.41535084199097 -0.0302715324421938 -0.0612373980443107
0.131999999999999 7.58335439093114 0.0509770902180818 0.106267955947253
0.133 7.51437742557657 -0.0816768072983123 -0.0819433333881844
0.133999999999999 7.59075621244427 0.0425652609321303 0.0989935306101974
0.134999999999999 7.61020955320827 -0.0774793136899031 -0.0306825028346682
0.135999999999999 7.70761166084699 0.0752709837417594 0.0209451928154969
0.137 7.68526937535826 -0.021540123663082 -0.0146447905096284
0.137999999999999 7.74539369621489 -0.0085407183003379 0.00922311850232065
0.138999999999999 7.82096763664828 -0.00134280387588872 0.0460384497443797
0.139999999999999 7.79265900239073 -0.0124991289547862 -0.0335646477073972
0.140999999999999 7.82307476399049 0.00295381808200462 0.0380204211814747
0.141999999999999 7.7855822381821 -0.0565326363974372 -0.0108144310139526
0.142999999999999 7.9158138995704 0.0433603510311934 0.0187063764269171
0.143999999999999 7.92558859227877 0.0122938073663788 -0.0126075423997454
0.144999999999999 7.93730321360032 -0.0159576870347291 0.0161133593759521
0.145999999999999 7.98280521827071 -0.0220592183303675 -0.0209738348313886
0.147 7.97506375396657 0.0142930833752562 0.0166550732367066
0.147999999999999 7.98217075245461 -0.0538132751463009 -0.0113138263374632
0.148999999999999 7.96041445079331 0.0303398478626573 0.00758929342890838
0.149999999999999 7.86557410451781 0.0031744691615258 0.00631442911547526
0.150999999999999 7.72339951423042 -0.022890067594765 0.00288268260663783
0.151999999999999 7.48715381088966 -0.0121601789906038 -0.0291421248258369
0.152999999999999 7.12263676639424 0.047622307017386 -0.000480418957258734
0.153999999999999 6.41198678553112 0.0416047061701008 -0.0531632379986424
0.154999999999999 5.5658173642828 -0.0207272458365284 0.103360385912157
0.156 4.61482882885604 -0.0394114432788289 -0.0331107599035155
0.156999999999999 3.90413065114293 0.11416821659162 0.0252849499580092
0.157999999999999 2.89878281328735 -0.0912748337957521 -0.0208715583778571
0.158999999999999 2.22455390429809 0.101387658001977 0.0381905552395826
0.159999999999999 1.73260720472166 -0.0542965865989827 0.0148566161464706
0.161 1.47568025018442 -0.029533959318717 -0.0201604205201953
0.161999999999999 1.50836362435933 0.148733741731521 0.0628382832276884
0.162999999999999 1.43090965665782 -0.0488755314548217 -0.128460282075069
0.163999999999999 1.54300505108748 0.0117879074425111 0.090334202270273
0.164999999999999 1.6017031995104 0.0493861643137873 -0.0383059465292824
0.165999999999999 1.71342104003498 -0.0423537700796986 0.0284848333803088
0.166999999999999 1.81609796418355 0.07459265246633 0.0578707037641448
0.167999999999999 1.65212163982317 0.0172494893206391 -0.169030999054593
0.168999999999999 1.76213500467485 0.112210819982019 -0.0192572455743433
0.17 1.61732946050826 -0.0274147365424074 0.0772380947278435
0.170999999999999 1.66796556145669 -0.0212006999208527 0.0103027632713571
0.171999999999999 1.6867546803508 0.0539557816172025 0.0550274961488899
0.172999999999999 1.59494779520803 -0.0335461965153216 -0.0696303961393584
0.173999999999999 1.69656979742854 0.0425360235071848 0.025232798563697
0.174999999999999 1.78249663874403 -0.0202309601750981 -0.0624304055257401
0.175999999999999 1.84059413612328 -0.0209115233380481 0.0764526811364913
0.176999999999999 1.90407783838844 -0.0463768859850265 0.0362130145470564
0.177999999999999 1.81087460390407 -0.0876825571209921 0.0157617022833431
0.178999999999999 1.85430053162556 0.12371558750464 -0.111494299047348
0.179999999999999 1.871869212529 0.026455709796082 -0.0296934834659124
0.180999999999999 1.86189131112997 -0.0429965029383012 0.0659143093129485
0.181999999999999 1.78453431820522 -0.0558545936780768 0.0263118451395201
0.182999999999999 1.78038605060916 -0.0282061849060796 0.0656442832512278
0.183999999999999 1.90285329681094 0.109041015140156 -0.0223153807485469
0.184999999999999 1.91097014036005 0.0382884644204274 -0.0582541617317042
0.185999999999999 1.88453574770671 0.000567965351040909 0.0361339496304061
0.186999999999999 1.85819251853457 -0.00668047039845406 -0.0254278483244512
0.187999999999999 1.89176893398416 0.0633548727056485 0.0685730367848854
0.188999999999999 1.72914755880019 -0.0520711344868487 -0.0549953866993593
0.189999999999999 1.7249136386235 0.00589463457327656 0.00703110808138755
0.190999999999999 1.7670180407844 0.0650108800742629 -0.0329749173575625
0.191999999999999 1.71572628702943 -0.0917160778860571 0.00185286321144319
0.193 1.702280552391 0.00301728237150973 0.0604957581613624
0.193999999999999 1.60038319965673 -0.0230280364028908 -0.0549172867600274
0.194999999999999 1.66323035024173 0.0350349463608011 0.0439640991654082
0.195999999999999 1.62899350452175 -0.0414087984563638 -0.0489416517146613
0.196999999999999 1.61752866741137 -0.00846912841673621 0.0401141394926766
0.197999999999999 1.70755013572274 -0.00294786782737725 -0.069486732096332
0.198999999999999 1.68642247846388 0.0833142729130277 -0.0676535844151135
0.199999999999999 1.6791049934157 0.0183141587685101 -0.0331207445136482
