 2326  2  0.286853  0.726995  0.462635   25.278400  200.94500   46.84160
 2327  2  0.757137  0.997297  0.563318   32.815400  192.20800   52.53830
 2328  2  0.391184  0.715010  0.457724   25.133900  201.82600   44.48810
 2329  2  0.438873  0.896722  0.549630   26.228000  200.79000   47.88090
 2330  2  0.794441  0.745558  0.469571   31.864100  189.77100   53.19710
 2331  2  0.694246  0.889922  0.592361  -17.096600  182.08100   59.68660
 2332  2  0.871645  0.967776  0.613907   40.338900  149.71100   71.26680
 2333  2  0.417444  0.897454  0.558857   24.681800  199.63700   50.35820
 2334  2  0.638742  1.001640  0.540838   24.499200  202.73400   46.28450
 2335  2  0.220674  1.004810  0.550508  -25.545900  196.58800   65.91400
 2336  2  0.808716  0.882745  0.608635   13.928300  179.29100   67.12120
 2337  2  0.501111  0.845932  0.601947   -9.430200  190.25700   67.83150
 2338  2  0.517525  0.996752  0.817697   -5.170100  146.78500   90.04320
 2339  2  0.701426  0.895472  0.576103   -9.592270  197.86300   64.57890
 2340  2  0.514233  0.699179  0.462807    7.730650  208.05600   40.96050
 2341  2  0.641221  0.896297  0.596935  -12.721700  155.42700   78.43800
 2342  2  0.268978  0.989447  0.534854   -0.567535  201.36500   60.70590
 2343  2  0.627676  0.954089  0.560337   26.267700  184.99900   68.22720
 2344  2  0.728164  0.877357  0.635118   20.767600  111.11500  104.71800
 2345  2  0.681673  0.771683  0.419885  -15.006900  190.06600   44.71390
 2346  2  0.369631  0.717175  0.434176   -7.827620  199.09500   50.19210
 2347  2  0.406779  0.687908  0.465349   -1.522090  202.65000   46.22210
 2348  2  0.698228  0.887410  0.601641  -11.676600  189.00200   75.02700
 2349  2  0.663684  0.671926  0.432669  -12.538900  207.71300   22.39300
 2350  2  0.662999  0.889380  0.572085  -28.268100  191.25000   57.75060
 2351  2  0.475742  0.692168  0.463125    1.181580  200.87900   47.82530
 2352  2  0.395538  0.699532  0.438086   27.197700  204.40900   36.72240
 2353  2  0.222927  0.864534  0.568397   -8.211150  195.26200   49.64510
 2354  2  0.664249  0.917071  0.579617   10.926100  193.02300   57.90310
 2355  2  0.386678  0.896321  0.518433    5.805300  205.76300   46.84630
 2356  2  0.715190  1.003980  0.585670   -4.416440  188.99400   59.38410
 2357  2  0.563527  0.897241  0.621943    6.935500  154.06600   70.39560
 2358  2  0.542824  0.863735  0.606797  -69.045000  107.98200   77.67490
 2359  2  0.520240  0.730494  0.475601   -2.239840  188.57200   60.99430
 2360  2  0.757219  0.668895  0.448585    3.993790  208.23600   42.26910
 2361  2  0.634305  0.925077  0.507566   37.627500  204.46900   51.21540
 2362  2  0.694501  0.915402  0.547164  -14.438500  204.94000   51.10810
 2363  2  0.624101  0.726808  0.469150   -5.291220  207.11500   38.99190
 2364  2  0.543261  0.732442  0.455337   38.557900  200.75600   44.56870
 2365  2  0.552406  0.688964  0.442566   15.448900  197.12700   67.05350
 2366  2  0.174512  0.961528  0.530289  -42.743500  197.50500   42.99900
 2367  2  0.376502  0.917670  0.524771   38.692600  199.52500   43.55690
 2368  2  0.224475  0.762170  0.468644    6.038960  202.53200   47.20540
 2369  2  0.762056  0.663656  0.452056  -11.047900  207.53800   33.53170
 2370  2  0.553115  0.872569  0.547829  -10.773600  203.40300   46.22060
 2371  2  0.350054  0.975580  0.557354  -32.387100  198.41000   56.75450
 2372  2  0.416859  0.704357  0.484664  -21.106200  183.81800   72.10920
 2373  2  0.222265  0.854152  0.572030   -5.074510  199.40000   52.03180
 2374  2  0.447661  1.001550  0.605121  -10.643200  192.73900   68.08980
 2375  2  0.616051  0.927913  0.579634  -46.685200  129.79500   86.46550
 2376  2  0.274132  0.882537  0.515749   -4.736770  206.78500   49.46150
 2377  2  0.357478  0.943958  0.536332  -30.161800  201.44900   47.50690
 2378  2  0.223844  0.696235  0.472382    2.637610  203.13400   53.50680
 2379  2  0.419248  0.927317  0.597590    5.022630  179.29000   60.67110
 2380  2  0.571232  0.762586  0.447775  -29.922300  204.47600   49.08020
 2381  2  0.310869  0.833317  0.646793  -46.903400  141.11100   97.80690
 2382  2  0.746474  0.885886  0.583670   10.213300  194.98900   68.62580
 2383  2  0.557058  0.687643  0.438976   17.217200  207.62700   43.37800
 2384  2  0.560157  0.879348  0.536745  -12.024700  206.22800   40.85650
 2385  2  0.728053  0.900312  0.968765   47.884100   60.98990   91.45780
 2386  2  0.759152  0.648792  0.457738  -10.939200  205.38900   35.74480
 2387  2  0.382497  0.615325  0.404909  -28.589700   14.36620    5.22201
 2388  2  0.186002  0.902184  0.644210  -50.141600  132.35700  111.38400
 2389  2  0.759603  0.702203  0.480503  -30.855800  171.55400   62.80410
 2390  2  0.006631  0.832168  0.911251  -28.277300   35.83900   56.89520
 2391  2  0.224514  0.701299  0.476594    3.541520  199.09700   58.19110
 2392  2  0.395775  0.754211  0.459038   44.099900  187.87000   48.65610
 2393  2  0.129941  0.962298  0.576522  -25.827400  184.62000   54.53940
 2394  2  0.844775  0.837692  0.591235   30.559100  191.88200   68.57570
 2395  2  0.420818  1.001710  0.496890    4.035910  209.21800   46.73980
 2396  2  0.545579  1.002240  0.804898  -14.054100  125.86700   80.75300
 2397  2  0.763013  0.701732  0.472001  -15.716600  168.67800   88.82570
 2398  2  0.684694  0.862012  0.520019   61.301800  196.48700   46.18750
 2399  2  0.715697  0.712662  0.443098    0.832530  210.52600   29.19610
 2400  2  0.390834  0.969641  0.510979   -1.276070  207.37800   34.58380
 2401  2  0.766500  0.676666  0.449767  -10.698400  207.06700   33.53070
 2402  2  0.282500  1.010140  0.542877   -3.958690  201.92400   49.59380
 2403  2  0.375596  0.710106  0.432154  -71.678600  181.38700   37.90990
 2404  2  0.229952  0.855049  0.565903   -3.430070  199.69400   49.28790
 2405  2  0.285780  0.730185  0.473572    3.493840  168.01500   90.84590
 2406  2  0.390425  0.775438  0.418155   70.261500  168.47200   29.71430
 2407  2  0.551135  0.906009  0.508276   -3.361070  204.85600   31.38360
 2408  2  0.558249  0.907320  0.524820   -9.883010  205.16500   36.38260
 2409  2  0.460711  0.973764  0.776276   14.136100  108.05200   80.07350
 2410  2  0.418520  0.936563  0.574317  -18.412500  193.20500   54.57970
 2411  2  0.356855  0.939030  0.575645  -40.838500  196.17300   58.79270
 2412  2  0.403619  0.641942  0.411828    6.045250  212.20800   24.07500
 2413  2  0.561378  0.945915  0.653823  -10.847800  130.96800  114.71400
 2414  2  0.165377  0.688861  0.464864  -33.298300  196.37800   57.09850
 2415  2  0.301046  0.987372  0.550632   16.402400  203.01000   47.31860
 2416  2  0.322269  1.010150  0.543243   21.476300  204.20500   49.33410
 2417  2  0.640445  0.874120  0.594496    1.005450  180.53200   60.51540
 2418  2  0.762493  0.648436  0.456226   -5.867720  206.98600   35.50830
 2419  2  0.682732  0.911017  0.583838  -18.305400  196.45200   65.93430
 2420  2  0.771631  0.767601  0.652062   22.812500  137.31700   91.32070
 2421  2  0.328844  0.884226  0.554836    0.062164  184.96800    5.46388
 2423  2  0.733897  0.864312  0.638079  -28.281700  165.88600   83.21250
 2424  2  0.781732  0.879491  0.550048    6.606770  204.13000   43.38180
 2425  2  0.752755  0.963918  0.651470   -8.283230  142.61800   90.55380
 2426  2  0.605344  0.952874  0.546642  -14.930200  196.05500   72.64690
 2427  2  0.443760  0.932155  0.525870    0.997462  202.95300   44.71230
 2428  2  0.352598  0.918904  0.662278    8.748150  152.73700   96.23210
 2429  2  0.614617  0.741660  0.444265   31.162900  165.68500   82.14810
 2430  2  0.762790  0.653544  0.453259  -11.907200  205.74900   27.95530
 2431  2  0.070236  0.929686  0.561243  -44.637800  183.50300   53.89170
 2432  2  0.477527  0.830052  0.609516  -78.997400  126.53300   94.75490
 2433  2  0.297084  0.994635  0.506759  -52.032900  198.38700   48.00340
 2434  2  0.718069  0.985581  0.839128   45.757300  135.31000  102.75900
 2435  2  0.431122  0.995768  0.799164   24.078300  105.13700   83.83760
 2436  2  0.317482  0.835232  0.577962   -6.370160  196.84600   54.12950
 2437  2  0.279733  0.958170  0.568617  -55.104200  151.84800   66.05880
 2438  2  0.741775  0.985163  0.604640   54.538600  114.10900   54.34350
 2440  2  0.080550  0.631124  0.501243  -88.383700    6.77561   50.49310
 2441  2  0.516917  0.917457  0.767313   54.062100   59.07520  101.82300
 2442  2  0.878437  0.985827  0.804345   63.486000   92.01760   98.39400
 2443  2  0.304430  0.868012  0.551579  -29.233500  189.79300   44.60850
 2444  2  0.650928  0.761084  0.350687  -18.018600    3.07977    2.31697
 2445  2  0.433648  0.841374  0.585119  -37.239800  132.72200  103.12500
 2446  2  0.622878  0.685501  0.430129   34.920800  187.89200   45.51910
 2447  2  0.228219  0.911646  0.554924   -0.630601  206.99800   47.92360
 2448  2  0.359890  0.701376  0.438396  -34.870600  171.15600   40.68730
 2449  2  0.944287  0.899786  0.608131  100.809000   43.55020   62.22880
 2450  2  0.775690  0.680740  0.458821   26.911000  200.68200   42.00710
 2451  2  0.483527  0.892062  0.557373    4.789430  203.03800   50.15970
 2452  2  0.762354  0.953963  0.922733   29.682400   30.23250   99.68700
 2454  2  0.686064  0.908903  0.565331  -20.172600  199.31600   56.07140
 2455  2  0.310157  0.962850  0.515542    1.925380  207.21100   36.93570
 2456  2  0.368550  0.827026  0.579008  -23.980300  192.18100   62.44110
 2457  2  0.389837  0.718340  0.415040  -15.613200   10.52260   68.26910
 2458  2  0.762590  1.007940  0.544445   -7.149040  198.15900   42.58200
 2459  2  0.674981  0.688155  0.437945   -9.261490  206.20700   44.36920
 2460  2  0.772080  0.715422  0.468955   26.237200  193.60500   55.12000
 2461  2  0.336314  0.981578  0.468735  -63.308600  193.44400   34.06040
 2462  2  0.708054  0.869270  0.537136   -8.644180  203.04700   40.14430
